Lifted Tacoma TRD Sport 33" mud terrain tires double cab
{"affinityId":null,"codeLength":9,"codes":[1,0,0,1,1,0,1,0,1],"elementFrequency":1.0,"historicalGradient":null,"index":239,"init":false,"label":"new","sequencesCount":1,"special":false,"storageId":6087626803989443000,"vocabId":null,"word":"new"}
{"affinityId":null,"codeLength":6,"codes":[0,0,1,1,1,0],"elementFrequency":4.0,"historicalGradient":null,"index":10,"init":false,"label":"tires","sequencesCount":1,"special":false,"storageId":3385647938138606519,"vocabId":null,"word":"tires"}
[-948.2952,-2102.1912,-1909.0034,-410.31137,-1634.2775,-871.6638,537.5507,677.12317,879.83777,-2012.9286,234.6845,847.9965,-828.9711,992.0259,-1943.0627,-682.41284,1757.76,-493.36328,1323.4537,-632.8435,-259.5441,-74.8743,511.41003,-1949.2141,-2215.5554,-508.50323,1219.5217,1030.7349,-767.03015,29.183924,-1283.2252,1379.7924,399.46365,412.1495,1945.9187,553.498,-613.3676,2323.651,1542.465,-454.96356,84.920906,-510.58633,1408.4283,-1766.263,1804.5449,76.76814,-507.97787,1407.963,1145.4689,-589.16925,-0.53737783,-3.896265,-3.0836515,-1.847413,-2.9984348,-0.04911167,0.58859277,-0.6617388,-0.37699524,-0.16035803,-0.013275305,-0.2812775,1.3327996,-0.56457734,-2.6726203,-1.8149978,3.5297205,-1.3687166,0.8665454,-0.5315009,1.539262,-1.0989628,-1.1102409,-0.04164922,-2.8804119,1.4044857,-0.44982818,3.1044605,-2.2661104,0.99251395,-1.6133667,2.9506724,1.0354449,1.7941347,-0.35179153,0.8401286,0.71519536,0.2881938,1.3484051,-1.456921,2.0093322,1.4321382,0.6927673,-1.4885386,0.747639,-1.3740441,0.23084122,2.0524395,0.7028572,0.45175514]

2010 Nissan >> Altima >> Hybrid >>> excellent condition
{"affinityId":null,"codeLength":7,"codes":[0,0,1,1,0,0,0],"elementFrequency":1.0,"historicalGradient":null,"index":93,"init":false,"label":"new","sequencesCount":1,"special":false,"storageId":6087626803989443000,"vocabId":null,"word":"new"}
{"affinityId":null,"codeLength":7,"codes":[0,1,0,1,1,1,0],"elementFrequency":1.0,"historicalGradient":null,"index":71,"init":false,"label":"tires","sequencesCount":1,"special":false,"storageId":3385647938138606519,"vocabId":null,"word":"tires"}
[72.88881,76.78565,78.72402,-119.02887,19.340916,169.05396,96.802086,-33.006477,-39.119225,-73.03773,87.691986,-48.04864,-28.328571,-20.290226,-0.48526058,-115.03751,151.56476,24.351631,-156.03703,-48.138348,-56.236134,75.93125,46.74281,-191.29684,-53.563633,23.620918,56.28588,55.124886,22.923796,-37.384007,78.61707,-156.18034,130.19603,-47.262875,-71.693436,-1.7102926,80.55056,-47.344097,-34.208378,27.150692,32.404346,3.433647,-15.792573,19.868507,-9.922434,80.95136,-229.38351,201.38155,-66.74299,-13.835349,84.37677,89.11885,84.04025,-130.9822,31.19381,179.1198,105.47236,-32.517544,-34.311363,-73.590164,95.24437,-41.19549,-24.898762,-32.737667,2.2348914,-123.95592,164.51865,24.03808,-173.81966,-55.59104,-58.62823,83.018486,52.37371,-196.84888,-57.915497,22.981222,61.305744,41.8056,15.515349,-40.897305,72.3503,-161.01901,135.81342,-41.40388,-64.40964,-11.978663,96.56816,-50.1877,-26.822538,22.101421,31.82917,20.685822,-11.622197,23.167898,-8.0811615,87.76162,-249.8886,222.88466,-74.63466,-0.9822522]

--------RSX TYPE S 2002 ---------
{"affinityId":null,"codeLength":5,"codes":[0,1,1,0,1],"elementFrequency":2.0,"historicalGradient":null,"index":7,"init":false,"label":"new","sequencesCount":1,"special":false,"storageId":6087626803989443000,"vocabId":null,"word":"new"}
{"affinityId":null,"codeLength":7,"codes":[1,1,0,0,1,1,1],"elementFrequency":1.0,"historicalGradient":null,"index":59,"init":false,"label":"tires","sequencesCount":1,"special":false,"storageId":3385647938138606519,"vocabId":null,"word":"tires"}
[-301.6841,187.01375,165.05731,-193.06815,-145.31204,-51.569252,-98.171555,-246.48767,29.348906,-87.706024,259.4783,-221.5695,-219.6911,168.91783,107.23063,81.32523,-153.40193,7.7408385,-8.893152,136.24321,-147.45729,30.36004,234.8771,-139.32661,329.82022,31.189526,96.32864,-216.9396,91.860245,48.83778,244.42918,44.89812,312.12363,-18.466093,271.36685,143.26486,-27.785227,-212.30342,126.99926,222.11922,-63.003136,-279.5793,218.86905,-66.554,156.52545,-76.80803,-282.51035,-320.68607,205.1778,-29.068476,-232.68393,145.88675,126.24006,-149.97961,-111.29742,-39.69877,-74.36701,-191.07994,22.347578,-69.50348,197.80127,-170.54875,-169.098,130.22562,84.345474,61.86171,-116.97685,6.0825505,-6.8334923,104.46692,-114.10743,23.332169,182.57564,-106.56096,256.108,23.110792,77.09847,-169.91812,72.74296,36.996857,191.56677,35.11129,242.9584,-15.164417,209.02127,109.69174,-22.046135,-164.5777,97.61892,173.64864,-48.61458,-219.42882,168.93376,-50.239777,120.6675,-60.781136,-217.80464,-248.62491,161.05684,-23.8484]

Mazda CX-7
{"affinityId":null,"codeLength":5,"codes":[0,1,0,0,0],"elementFrequency":1.0,"historicalGradient":null,"index":25,"init":false,"label":"new","sequencesCount":1,"special":false,"storageId":6087626803989443000,"vocabId":null,"word":"new"}
{"affinityId":null,"codeLength":5,"codes":[1,0,0,1,0],"elementFrequency":1.0,"historicalGradient":null,"index":15,"init":false,"label":"tires","sequencesCount":1,"special":false,"storageId":3385647938138606519,"vocabId":null,"word":"tires"}
[-1.5099919,1.158306,-0.41144595,-1.7619655,-0.6894531,-1.6965735,-0.9128947,-1.7999319,1.1913624,1.038086,1.6428747,-0.2821697,0.08161206,-0.55376214,-1.4710735,-0.6543709,-0.30412942,-0.029538501,-0.29041743,0.48386312,-0.8045591,-0.16643986,1.4410871,-0.037413497,2.0455055,-0.81312853,1.2251252,0.09712946,-1.0296019,-0.22114822,1.9976401,-1.6892256,2.2303932,-1.1305283,2.0821586,-0.3513732,-3.1170816,-3.5201695,1.5390939,0.28405508,-0.4212897,-1.983214,0.91018873,-2.061633,2.183354,-1.4292549,-2.0827813,-0.049585365,1.159662,-1.0015507,-1.2214984,1.5409268,-0.3068023,-1.8002948,-0.031547185,-1.425321,-0.5822476,-1.8513285,1.7753578,0.6724519,1.4460472,-0.31268442,0.7653883,-0.7417856,-1.1973305,-1.2204885,-0.4231318,-0.3842746,-0.3973168,-0.22100028,-1.5150578,-0.6111903,1.1102264,-0.15775196,1.7260484,-1.474914,1.294809,-0.563622,-1.0605562,0.10980323,1.9993621,-1.2723483,2.8569193,-0.54144514,2.7226713,-0.2585203,-2.8674204,-3.0009832,1.0157822,0.6325477,0.25375137,-2.1500728,1.5615036,-2.189029,2.0269122,-1.9077222,-2.3071003,0.32329252,1.0980176,-1.6588504]

Mini Cooper S Supergharged 2004 manual tranny.
{"affinityId":null,"codeLength":4,"codes":[1,1,1,1],"elementFrequency":4.0,"historicalGradient":null,"index":0,"init":false,"label":"new","sequencesCount":1,"special":false,"storageId":6087626803989443000,"vocabId":null,"word":"new"}
{"affinityId":null,"codeLength":6,"codes":[1,0,0,0,1,1],"elementFrequency":1.0,"historicalGradient":null,"index":25,"init":false,"label":"tires","sequencesCount":1,"special":false,"storageId":3385647938138606519,"vocabId":null,"word":"tires"}
[0.3675078,-0.11594232,0.6394461,-0.093187965,0.36461508,-0.96597236,0.7755718,-1.2184049,0.55427015,-0.9372221,-0.61450386,-0.86685187,0.9837009,0.47476628,0.45489347,0.7319461,-0.6519468,0.87817377,-0.9651889,-0.8587171,0.2229515,-0.15293854,-0.9943131,1.0087811,0.7771959,0.90410936,0.34605113,-0.27809134,0.82722855,0.6050638,1.1813706,0.025016338,-0.7019646,0.67583865,0.28484267,0.046910383,-1.0244821,-1.0352585,0.64056396,-0.32214093,1.0347127,-0.032808118,-0.7066509,-1.022031,1.2756659,0.98586404,0.1797811,-0.64619136,-0.20254958,0.5727794,20.043306,30.197294,115.20558,-69.114426,-15.98251,18.47297,-51.290924,-9.176214,69.65527,-26.364492,-14.056164,0.7577883,-57.959145,72.564354,-22.852823,34.49356,-96.89664,22.932793,-112.33528,34.530148,25.561033,-71.994736,3.8586736,45.71899,25.988506,5.8332014,58.60004,15.473825,38.258575,69.57604,27.316238,-121.770676,1.5968106,1.8256785,-12.781121,-68.44616,-75.01228,-54.628872,11.065837,66.97193,-57.770683,35.748806,-35.379967,-38.53957,64.40415,61.050854,16.304794,-44.31973,48.665985,18.166042]

2002 BMW M3 - Blue/Black - SMG
{"affinityId":null,"codeLength":5,"codes":[1,0,1,0,0],"elementFrequency":2.0,"historicalGradient":null,"index":10,"init":false,"label":"new","sequencesCount":1,"special":false,"storageId":6087626803989443000,"vocabId":null,"word":"new"}
{"affinityId":null,"codeLength":6,"codes":[0,0,1,0,1,0],"elementFrequency":1.0,"historicalGradient":null,"index":40,"init":false,"label":"tires","sequencesCount":1,"special":false,"storageId":3385647938138606519,"vocabId":null,"word":"tires"}
[42.343426,36.04672,27.677423,-47.013187,2.8365448,47.966286,-8.610887,-8.958806,-14.964032,-1.8525378,29.02002,39.42627,-36.196205,1.7064146,-19.757687,-33.00512,-43.05829,-6.3991237,-49.04736,-4.775767,-20.07568,15.511105,44.19208,31.685059,-9.899759,-55.02922,20.93772,-41.24816,-8.065845,-7.90948,-54.260777,-31.66008,-8.762466,-24.249445,16.670702,-38.470062,34.409996,32.587414,42.628284,45.570618,-19.584303,-40.967033,-7.2914143,-15.687591,-41.786068,-8.819142,-30.38418,25.949865,38.344685,-30.937342,26.758312,21.202913,15.461695,-29.528362,2.0795097,26.252611,-6.610173,-6.1862535,-5.31222,-0.69959193,17.163265,23.726334,-16.74834,1.3009115,-13.0431,-20.64465,-27.080585,0.08208728,-30.05333,-5.59855,-15.011548,9.402088,27.717104,15.740169,-4.361672,-30.277157,12.063938,-26.259325,-6.99133,-4.535633,-32.78215,-21.037281,-3.1074674,-15.464087,9.707306,-23.981522,20.447687,15.215563,24.995218,27.950418,-9.525197,-22.49257,-6.3164673,-10.356634,-23.731382,-6.2454333,-17.777163,16.59446,22.426836,-18.196257]

2011 Audi A3 S-Line, Clean Title
{"affinityId":null,"codeLength":7,"codes":[1,0,1,1,1,0,0],"elementFrequency":1.0,"historicalGradient":null,"index":69,"init":false,"label":"new","sequencesCount":1,"special":false,"storageId":6087626803989443000,"vocabId":null,"word":"new"}
{"affinityId":null,"codeLength":7,"codes":[1,1,0,1,1,0,1],"elementFrequency":1.0,"historicalGradient":null,"index":52,"init":false,"label":"tires","sequencesCount":1,"special":false,"storageId":3385647938138606519,"vocabId":null,"word":"tires"}
[2.4448822,0.6091294,3.9483073,-0.42874813,2.5470493,-2.9654334,4.4081583,-9.433862,0.82663417,-5.809097,-2.6817575,-6.2837996,3.7533424,0.324975,4.196861,0.91644263,-1.3074548,4.3135,-8.671586,-8.139643,-0.79367995,-2.6782887,-5.599565,1.8023077,2.726556,-0.76154864,6.826252,-1.5813233,4.1345744,0.24594305,6.085423,0.53852963,-1.5161662,5.616189,5.100049,-0.8348012,-5.88176,-5.4859014,4.3936186,-1.1753211,6.8807783,-1.3306272,-4.442333,-7.453776,10.279304,5.932944,-3.171124,-4.2110386,-2.4377456,8.041487,3.959964,-0.3973326,3.8424442,-1.2140164,2.6313527,-4.3023043,6.5882735,-11.106879,0.89649135,-7.8273277,-2.714059,-7.7912183,5.5934396,1.3640956,3.6902478,1.2876036,-1.7147508,4.6967697,-9.779855,-10.318939,-0.12420901,-4.0611844,-7.978975,2.6327252,4.4154363,-1.3848708,7.54887,-1.7487887,4.8146663,0.3055805,6.2100396,0.95356876,-1.884113,5.095016,5.6499352,-1.5436245,-7.393254,-5.183024,4.6590853,-1.5446377,8.985701,-1.5502813,-5.176189,-8.288226,10.576501,8.519127,-2.3297753,-4.620212,-2.8319826,9.743309]

2006 Dodge Ram 2500 Hemi Big Horn Heavy Duty
{"affinityId":null,"codeLength":6,"codes":[0,1,0,1,0,0],"elementFrequency":1.0,"historicalGradient":null,"index":43,"init":false,"label":"new","sequencesCount":1,"special":false,"storageId":6087626803989443000,"vocabId":null,"word":"new"}
{"affinityId":null,"codeLength":6,"codes":[1,0,0,1,0,1],"elementFrequency":1.0,"historicalGradient":null,"index":26,"init":false,"label":"tires","sequencesCount":1,"special":false,"storageId":3385647938138606519,"vocabId":null,"word":"tires"}
[2.104807,2.2718737,5.0876412,-3.4805603,5.634949,3.4386213,-1.4137005,2.0653143,1.0749811,8.368415,-0.038952406,-0.99239767,0.2096967,2.2134593,-3.1064465,-4.643058,4.5029407,4.5516934,-3.9629703,6.391101,-4.684064,-3.6529295,-4.0357733,-0.9885959,-0.5699558,-4.146325,-0.9329453,1.4089448,-6.8528547,-4.6449924,-8.523204,-4.8652077,3.513078,2.0100455,2.1036255,-4.944539,-3.8835192,4.935869,-3.9262345,4.5287533,-1.3128569,1.6993812,3.6066823,-3.5379627,-3.1486068,-2.306978,-3.7765505,6.0508146,2.5225966,-3.9195764,1.9493004,2.1094444,3.510763,-4.734157,5.9312735,3.2424226,-1.6619594,3.7454536,-0.023122808,7.069987,-0.066754125,-1.3540525,0.5057486,1.196353,-3.4296544,-6.5237856,5.333915,6.7121696,-4.4119835,6.0486746,-5.509713,-4.4721923,-5.762591,-2.1786442,-0.124115475,-6.2413487,-2.353953,1.7918973,-9.088185,-3.740857,-9.301612,-4.9531813,3.037365,3.2293563,2.0494592,-6.1747956,-4.7397814,5.150284,-2.9452,4.695002,-1.4802141,3.3941958,2.5488353,-4.8976183,-3.046155,-0.8202241,-3.022768,4.925227,2.6642215,-2.2035856]

59,16.745419,-10.993052,14.067515,18.648125,-1.8735051,-6.2313128,-28.062752,7.1626844,-0.48381186,1.5696741,-9.068401,-1.7085713,4.341449]

